Material:
  UseAlbedo: false
  UseNormal: false
  UseRoughness: false
  UseMetallic: false
  UseOcclusion: false
  UseEmissive: false
  AlbedoColor: [0.600000024, 0.600000024, 0.600000024]
  Metallic: 0
  Roughness: 1
  Emission: 0
  Transparency: 0
  AlbedoMap: 7309008298981451249
  NormalMap: 7309008298981451249
  MetalnessMap: 7309008298981451249
  RoughnessMap: 7309008298981451249
  occlusionMap: 7309008298981451249
  EmissiveMap: 7309008298981451249
  MaterialFlags: 6