Material:
  UseAlbedo: false
  UseNormal: false
  UseRoughness: false
  UseMetallic: false
  UseOcclusion: false
  AlbedoColor: [0.800000012, 0.800000012, 0.800000012]
  Metallic: 0
  Roughness: 0.10557282
  Emission: 0
  Transparency: 0
  AlbedoMap: 7309008298981451249
  NormalMap: 7309008298981451249
  MetalnessMap: 7309008298981451249
  RoughnessMap: 7309008298981451249
  occlusionMap: 7309008298981451249